0.38079470198675497 0.05521472392638037
0.46357615894039733 0.05521472392638037
0.6225165562913907 0.05521472392638037
0.31788079470198677 0.08742331288343558
0.46357615894039733 0.11042944785276074
0.6225165562913907 0.11042944785276074
0.10927152317880795 0.1411042944785276
0.20198675496688742 0.1411042944785276
0.10927152317880795 0.18404907975460122
0.20198675496688742 0.18404907975460122
0.40728476821192056 0.2223926380368098
0.7682119205298014 0.2223926380368098
0.6192052980132451 0.40337423312883436
0.7284768211920529 0.40337423312883436
0.8178807947019867 0.40337423312883436
0.046357615894039736 0.47392638036809814
0.1357615894039735 0.47392638036809814
0.28807947019867547 0.4831288343558282
0.5198675496688742 0.4831288343558282
0.6423841059602649 0.4831288343558282
0.7549668874172185 0.4831288343558282
0.10927152317880795 0.5138036809815951
0.8841059602649006 0.5337423312883436
0.10927152317880795 0.553680981595092
0.5562913907284768 0.549079754601227
0.6456953642384106 0.549079754601227
0.7350993377483444 0.549079754601227
0.8841059602649006 0.5736196319018405
0.8841059602649006 0.6134969325153374
0.8973509933774835 0.6533742331288344
0.347682119205298 0.6303680981595092
0.46688741721854304 0.6303680981595092
0.347682119205298 0.6702453987730062
0.46688741721854304 0.6702453987730062
0.5894039735099338 0.6625766871165644
0.6788079470198676 0.6625766871165644
0.5894039735099338 0.7101226993865031
0.6788079470198676 0.7101226993865031
0.8874172185430463 0.7116564417177914
0.7980132450331126 0.75
0.4205298013245033 0.7822085889570553
0.5066225165562914 0.8251533742331288
0.046357615894039736 0.8251533742331288
0.8774834437086093 0.848159509202454
0.8675496688741722 0.9187116564417178
0.1490066225165563 0.9432515337423313
0.2947019867549669 0.9432515337423313
0.5728476821192053 0.950920245398773
0.8807947019867549 0.9585889570552147
